attester votelocations block source_epoch target_epoch
4155 918882 918881 28714 28715
4155 918922 918914 28713 28716
4219 608052 608051 19000 19001
4219 608059 608051 19000 19001
4219 608067 608065 18999 19002
4993 918901 918900 28714 28715
4993 918922 918914 28713 28716
6666 988955 988954 30903 30904
6666 988965 988961 30902 30905
7412 918883 918882 28714 28715
7412 918922 918916 28713 28716
9018 988931 988930 30903 30904
9018 988965 988960 30902 30905
10740 918900 918899 28714 28715
10740 918922 918917 28713 28716
11196 918894 918893 28714 28715
11196 918922 918916 28713 28716
13503 918902 918901 28714 28715
13503 918922 918914 28713 28716
14939 918907 918906 28714 28715
14939 918922 918917 28713 28716
15028 988955 988954 30903 30904
15028 988965 988960 30902 30905
16426 988935 988934 30903 30904
16426 988965 988960 30902 30905
17604 918896 918895 28714 28715
17604 918922 918914 28713 28716
17670 918908 918907 28714 28715
17670 918922 918914 28713 28716
19708 918892 918891 28714 28715
19708 918922 918917 28713 28716
20085 918898 918897 28714 28715
20085 918922 918918 28713 28716
20106 918883 918882 28714 28715
20106 918922 918913 28713 28716
20172 918901 918900 28714 28715
20172 918922 918916 28713 28716
24632 918907 918906 28714 28715
24632 918922 918912 28713 28716
24939 918903 918902 28714 28715
24939 918922 918914 28713 28716
25359 988959 988958 30903 30904
25359 988972 988958 30903 30904
25359 988965 988961 30902 30905
25529 918901 918900 28714 28715
25529 918922 918913 28713 28716
25611 918909 918908 28714 28715
25611 918922 918914 28713 28716
29270 918895 918894 28714 28715
29270 918922 918917 28713 28716
30423 918910 918909 28714 28715
30423 918922 918917 28713 28716
32487 918894 918893 28714 28715
32487 918922 918913 28713 28716
34574 918887 918886 28714 28715
34574 918922 918916 28713 28716
37951 918907 918906 28714 28715
37951 918922 918913 28713 28716
39099 918894 918893 28714 28715
39099 918922 918917 28713 28716
39283 918883 918882 28714 28715
39283 918922 918916 28713 28716
40603 918891 918890 28714 28715
40603 918922 918914 28713 28716
41924 918898 918897 28714 28715
41924 918922 918917 28713 28716
42021 918898 918897 28714 28715
42021 918922 918914 28713 28716
47919 918886 918885 28714 28715
47919 918922 918914 28713 28716
49537 608043 608042 19000 19001
49537 608067 608066 18999 19002
50364 608040 608039 19000 19001
50364 608067 608065 18999 19002
51703 918889 918888 28714 28715
51703 918922 918912 28713 28716
52658 918909 918908 28714 28715
52658 918922 918915 28713 28716
52770 918911 918910 28714 28715
52770 918922 918912 28713 28716
52812 918881 918880 28714 28715
52812 918922 918915 28713 28716
54474 988955 988954 30903 30904
54474 988965 988960 30902 30905
56608 988946 988945 30903 30904
56608 988965 988961 30902 30905
56833 918901 918900 28714 28715
56833 918922 918914 28713 28716
57356 918892 918891 28714 28715
57356 918922 918914 28713 28716
57493 988959 988958 30903 30904
57493 988965 988960 30902 30905
58742 918908 918907 28714 28715
58742 918922 918915 28713 28716
59178 988936 988935 30903 30904
59178 988965 988961 30902 30905
60538 988946 988945 30903 30904
60538 988974 988945 30903 30904
60538 988965 988960 30902 30905
61529 918898 918897 28714 28715
61529 918922 918913 28713 28716
62733 918899 918898 28714 28715
62733 918922 918914 28713 28716
63837 918904 918903 28714 28715
63837 918922 918913 28713 28716
64278 918899 918898 28714 28715
64278 918922 918912 28713 28716
64560 918889 918888 28714 28715
64560 918922 918915 28713 28716
65161 918905 918904 28714 28715
65161 918922 918917 28713 28716
68839 918898 918897 28714 28715
68839 918922 918917 28713 28716
72965 918893 918892 28714 28715
72965 918922 918914 28713 28716
84014 918902 918901 28714 28715
84014 918916 918901 28714 28715
84014 918917 918901 28714 28715
84014 918922 918913 28713 28716
85307 918908 918907 28714 28715
85307 918922 918918 28713 28716
86518 918906 918905 28714 28715
86518 918922 918913 28713 28716
87615 988940 988939 30903 30904
87615 988965 988960 30902 30905
88475 608057 608056 19000 19001
88475 608067 608064 18999 19002
88726 988930 988929 30903 30904
88726 988965 988960 30902 30905
88951 918901 918900 28714 28715
88951 918922 918916 28713 28716
93502 918881 918880 28714 28715
93502 918922 918917 28713 28716
94805 988931 988930 30903 30904
94805 988965 988960 30902 30905
94924 918904 918903 28714 28715
94924 918922 918912 28713 28716
96312 918887 918886 28714 28715
96312 918922 918917 28713 28716
97760 918890 918889 28714 28715
97760 918922 918915 28713 28716
105147 918907 918906 28714 28715
105147 918922 918916 28713 28716
106161 918901 918900 28714 28715
106161 918922 918912 28713 28716
111444 918906 918905 28714 28715
111444 918922 918916 28713 28716
112567 918883 918882 28714 28715
112567 918922 918915 28713 28716
114652 918884 918883 28714 28715
114652 918922 918915 28713 28716
115409 918889 918888 28714 28715
115409 918922 918912 28713 28716